new round start
250 [20, 31, 20, 19, 23, 11, 13, 11, 22, 18, 3, 12, 30]
250 [11, 25, 9, 1, 14, 31, 26, 25, 16, 30, 1, 20, 31]
250 [14, 29, 17, 9, 24, 15, 7, 8, 33, 3, 18, 26, 22]
250 [28, 23, 2, 32, 30, 8, 33, 25, 3, 32, 0, 28, 24]
last action is:  136
round is continue,now is: 0 0 0
250 [3, 11, 11, 12, 13, 18, 19, 20, 20, 22, 23, 30, 31] []
250 [1, 1, 9, 11, 14, 16, 20, 25, 25, 26, 30, 31, 31] []
250 [3, 7, 8, 9, 14, 15, 17, 18, 22, 24, 26, 29, 33] []
250 [0, 2, 3, 8, 23, 24, 25, 28, 28, 30, 32, 32, 33] []
last action is:  61
round is continue,now is: 0 3 0
250 [3, 11, 11, 12, 13, 15, 18, 19, 20, 20, 22, 23, 30, 31] []
250 [1, 1, 9, 11, 14, 16, 20, 25, 25, 26, 30, 31, 31] []
250 [3, 7, 8, 9, 14, 15, 17, 18, 22, 24, 26, 29, 33] []
250 [0, 2, 3, 8, 23, 24, 25, 28, 28, 30, 32, 32, 33] []
last action is:  0
round is continue,now is: 0 4 0
250 [3, 11, 11, 12, 13, 15, 18, 19, 20, 20, 22, 23, 30, 31] []
250 [1, 1, 9, 11, 14, 16, 20, 25, 25, 26, 30, 31, 31] []
250 [3, 7, 8, 9, 14, 15, 17, 18, 22, 24, 26, 29, 33] []
250 [0, 2, 3, 8, 23, 24, 25, 28, 28, 30, 32, 32, 33] []
last action is:  0
round is continue,now is: 0 7 0
250 [3, 11, 11, 12, 13, 15, 18, 19, 20, 20, 22, 23, 30, 31] []
250 [1, 1, 9, 11, 14, 16, 20, 25, 25, 26, 30, 31, 31] []
250 [3, 7, 8, 9, 14, 15, 17, 18, 22, 24, 26, 29, 33] []
250 [0, 2, 3, 8, 23, 24, 25, 28, 28, 30, 32, 32, 33] []
last action is:  0
round is continue,now is: 0 2 0
250 [3, 11, 11, 12, 13, 15, 18, 19, 20, 20, 22, 23, 30, 31] []
250 [1, 1, 9, 11, 14, 16, 20, 25, 25, 26, 30, 31, 31] []
250 [3, 7, 8, 9, 14, 15, 17, 18, 22, 24, 26, 29, 33] []
250 [0, 2, 3, 8, 23, 24, 25, 28, 28, 30, 32, 32, 33] []
last action is:  46
round is continue,now is: 0 3 1
250 [3, 11, 12, 13, 15, 18, 19, 20, 20, 22, 23, 30, 31] []
250 [1, 1, 9, 11, 14, 16, 20, 25, 25, 26, 30, 31, 31] []
250 [3, 7, 8, 9, 14, 15, 17, 18, 22, 24, 26, 29, 33] []
250 [0, 2, 3, 8, 23, 24, 25, 28, 28, 30, 32, 32, 33] []
last action is:  0
round is continue,now is: 0 4 1
250 [3, 11, 12, 13, 15, 18, 19, 20, 20, 22, 23, 30, 31] []
250 [1, 1, 9, 11, 14, 16, 20, 25, 25, 26, 30, 31, 31] []
250 [3, 7, 8, 9, 14, 15, 17, 18, 22, 24, 26, 29, 33] []
250 [0, 2, 3, 8, 23, 24, 25, 28, 28, 30, 32, 32, 33] []
last action is:  [0, 0, 0]
round is continue,now is: 1 0 0
250 [3, 11, 12, 13, 15, 18, 19, 20, 20, 22, 23, 30, 31] []
250 [1, 1, 9, 11, 14, 16, 20, 25, 25, 26, 30, 31, 31] []
250 [3, 7, 8, 9, 14, 15, 17, 18, 22, 24, 26, 29, 33] []
250 [0, 2, 3, 8, 23, 24, 25, 28, 28, 30, 32, 32, 33] []
last action is:  8
round is continue,now is: 1 3 0
250 [3, 11, 12, 13, 15, 18, 19, 20, 20, 22, 23, 30, 31] []
250 [1, 1, 2, 9, 11, 14, 16, 20, 25, 25, 26, 30, 31, 31] []
250 [3, 7, 8, 9, 14, 15, 17, 18, 22, 24, 26, 29, 33] []
250 [0, 2, 3, 8, 23, 24, 25, 28, 28, 30, 32, 32, 33] []
last action is:  0
round is continue,now is: 1 4 0
250 [3, 11, 12, 13, 15, 18, 19, 20, 20, 22, 23, 30, 31] []
250 [1, 1, 2, 9, 11, 14, 16, 20, 25, 25, 26, 30, 31, 31] []
250 [3, 7, 8, 9, 14, 15, 17, 18, 22, 24, 26, 29, 33] []
250 [0, 2, 3, 8, 23, 24, 25, 28, 28, 30, 32, 32, 33] []
last action is:  0
round is continue,now is: 1 7 0
250 [3, 11, 12, 13, 15, 18, 19, 20, 20, 22, 23, 30, 31] []
250 [1, 1, 2, 9, 11, 14, 16, 20, 25, 25, 26, 30, 31, 31] []
250 [3, 7, 8, 9, 14, 15, 17, 18, 22, 24, 26, 29, 33] []
250 [0, 2, 3, 8, 23, 24, 25, 28, 28, 30, 32, 32, 33] []
last action is:  0
round is continue,now is: 1 2 0
250 [3, 11, 12, 13, 15, 18, 19, 20, 20, 22, 23, 30, 31] []
250 [1, 1, 2, 9, 11, 14, 16, 20, 25, 25, 26, 30, 31, 31] []
250 [3, 7, 8, 9, 14, 15, 17, 18, 22, 24, 26, 29, 33] []
250 [0, 2, 3, 8, 23, 24, 25, 28, 28, 30, 32, 32, 33] []
last action is:  59
round is continue,now is: 1 3 1
250 [3, 11, 12, 13, 15, 18, 19, 20, 20, 22, 23, 30, 31] []
250 [1, 1, 2, 9, 11, 16, 20, 25, 25, 26, 30, 31, 31] []
250 [3, 7, 8, 9, 14, 15, 17, 18, 22, 24, 26, 29, 33] []
250 [0, 2, 3, 8, 23, 24, 25, 28, 28, 30, 32, 32, 33] []
last action is:  0
round is continue,now is: 1 4 1
250 [3, 11, 12, 13, 15, 18, 19, 20, 20, 22, 23, 30, 31] []
250 [1, 1, 2, 9, 11, 16, 20, 25, 25, 26, 30, 31, 31] []
250 [3, 7, 8, 9, 14, 15, 17, 18, 22, 24, 26, 29, 33] []
250 [0, 2, 3, 8, 23, 24, 25, 28, 28, 30, 32, 32, 33] []
last action is:  [0, 0, 0]
round is continue,now is: 2 0 0
250 [3, 11, 12, 13, 15, 18, 19, 20, 20, 22, 23, 30, 31] []
250 [1, 1, 2, 9, 11, 16, 20, 25, 25, 26, 30, 31, 31] []
250 [3, 7, 8, 9, 14, 15, 17, 18, 22, 24, 26, 29, 33] []
250 [0, 2, 3, 8, 23, 24, 25, 28, 28, 30, 32, 32, 33] []
last action is:  115
round is continue,now is: 2 3 0
250 [3, 11, 12, 13, 15, 18, 19, 20, 20, 22, 23, 30, 31] []
250 [1, 1, 2, 9, 11, 16, 20, 25, 25, 26, 30, 31, 31] []
250 [3, 7, 8, 9, 14, 15, 17, 18, 22, 24, 26, 28, 29, 33] []
250 [0, 2, 3, 8, 23, 24, 25, 28, 28, 30, 32, 32, 33] []
last action is:  0
round is continue,now is: 2 4 0
250 [3, 11, 12, 13, 15, 18, 19, 20, 20, 22, 23, 30, 31] []
250 [1, 1, 2, 9, 11, 16, 20, 25, 25, 26, 30, 31, 31] []
250 [3, 7, 8, 9, 14, 15, 17, 18, 22, 24, 26, 28, 29, 33] []
250 [0, 2, 3, 8, 23, 24, 25, 28, 28, 30, 32, 32, 33] []
last action is:  0
round is continue,now is: 2 7 0
250 [3, 11, 12, 13, 15, 18, 19, 20, 20, 22, 23, 30, 31] []
250 [1, 1, 2, 9, 11, 16, 20, 25, 25, 26, 30, 31, 31] []
250 [3, 7, 8, 9, 14, 15, 17, 18, 22, 24, 26, 28, 29, 33] []
250 [0, 2, 3, 8, 23, 24, 25, 28, 28, 30, 32, 32, 33] []
last action is:  0
round is continue,now is: 2 2 0
250 [3, 11, 12, 13, 15, 18, 19, 20, 20, 22, 23, 30, 31] []
250 [1, 1, 2, 9, 11, 16, 20, 25, 25, 26, 30, 31, 31] []
250 [3, 7, 8, 9, 14, 15, 17, 18, 22, 24, 26, 28, 29, 33] []
250 [0, 2, 3, 8, 23, 24, 25, 28, 28, 30, 32, 32, 33] []
last action is:  89
round is continue,now is: 2 3 1
250 [3, 11, 12, 13, 15, 18, 19, 20, 20, 22, 23, 30, 31] []
250 [1, 1, 2, 9, 11, 16, 20, 25, 25, 26, 30, 31, 31] []
250 [3, 7, 8, 9, 14, 15, 17, 18, 24, 26, 28, 29, 33] []
250 [0, 2, 3, 8, 23, 24, 25, 28, 28, 30, 32, 32, 33] []
last action is:  0
round is continue,now is: 2 4 1
250 [3, 11, 12, 13, 15, 18, 19, 20, 20, 22, 23, 30, 31] []
250 [1, 1, 2, 9, 11, 16, 20, 25, 25, 26, 30, 31, 31] []
250 [3, 7, 8, 9, 14, 15, 17, 18, 24, 26, 28, 29, 33] []
250 [0, 2, 3, 8, 23, 24, 25, 28, 28, 30, 32, 32, 33] []
last action is:  [0, 0, 0]
round is continue,now is: 3 0 0
250 [3, 11, 12, 13, 15, 18, 19, 20, 20, 22, 23, 30, 31] []
250 [1, 1, 2, 9, 11, 16, 20, 25, 25, 26, 30, 31, 31] []
250 [3, 7, 8, 9, 14, 15, 17, 18, 24, 26, 28, 29, 33] []
250 [0, 2, 3, 8, 23, 24, 25, 28, 28, 30, 32, 32, 33] []
last action is:  81
round is continue,now is: 3 3 0
250 [3, 11, 12, 13, 15, 18, 19, 20, 20, 22, 23, 30, 31] []
250 [1, 1, 2, 9, 11, 16, 20, 25, 25, 26, 30, 31, 31] []
250 [3, 7, 8, 9, 14, 15, 17, 18, 24, 26, 28, 29, 33] []
250 [0, 2, 3, 8, 20, 23, 24, 25, 28, 28, 30, 32, 32, 33] []
last action is:  0
round is continue,now is: 3 4 0
250 [3, 11, 12, 13, 15, 18, 19, 20, 20, 22, 23, 30, 31] []
250 [1, 1, 2, 9, 11, 16, 20, 25, 25, 26, 30, 31, 31] []
250 [3, 7, 8, 9, 14, 15, 17, 18, 24, 26, 28, 29, 33] []
250 [0, 2, 3, 8, 20, 23, 24, 25, 28, 28, 30, 32, 32, 33] []
last action is:  0
round is continue,now is: 3 7 0
250 [3, 11, 12, 13, 15, 18, 19, 20, 20, 22, 23, 30, 31] []
250 [1, 1, 2, 9, 11, 16, 20, 25, 25, 26, 30, 31, 31] []
250 [3, 7, 8, 9, 14, 15, 17, 18, 24, 26, 28, 29, 33] []
250 [0, 2, 3, 8, 20, 23, 24, 25, 28, 28, 30, 32, 32, 33] []
last action is:  0
round is continue,now is: 3 2 0
250 [3, 11, 12, 13, 15, 18, 19, 20, 20, 22, 23, 30, 31] []
250 [1, 1, 2, 9, 11, 16, 20, 25, 25, 26, 30, 31, 31] []
250 [3, 7, 8, 9, 14, 15, 17, 18, 24, 26, 28, 29, 33] []
250 [0, 2, 3, 8, 20, 23, 24, 25, 28, 28, 30, 32, 32, 33] []
last action is:  81
round is continue,now is: 3 3 1
250 [3, 11, 12, 13, 15, 18, 19, 20, 20, 22, 23, 30, 31] []
250 [1, 1, 2, 9, 11, 16, 20, 25, 25, 26, 30, 31, 31] []
250 [3, 7, 8, 9, 14, 15, 17, 18, 24, 26, 28, 29, 33] []
250 [0, 2, 3, 8, 23, 24, 25, 28, 28, 30, 32, 32, 33] []
last action is:  0
round is continue,now is: 3 4 1
250 [3, 11, 12, 13, 15, 18, 19, 20, 20, 22, 23, 30, 31] []
250 [1, 1, 2, 9, 11, 16, 20, 25, 25, 26, 30, 31, 31] []
250 [3, 7, 8, 9, 14, 15, 17, 18, 24, 26, 28, 29, 33] []
250 [0, 2, 3, 8, 23, 24, 25, 28, 28, 30, 32, 32, 33] []
last action is:  [0, 0, 38]
round is continue,now is: 0 2 0
